RMSE: 3.8109233379364014
MAE: 2.9578440189361572
Bias: 2.0808749198913574
Corr: 0.8555147233633291
