RMSE: 3.1746139526367188
MAE: 2.5493993759155273
Bias: 0.2385934740304947
Corr: 0.8665355436228149
